4004   //0
1408
0
0
0
0
0
0
4004   //1
1408
4800
1200
0
0
0
0
4004   //2
1408
4800
1020
281
0
0
0
4004   //3
1408
4800
1020
2c1
0
0
0
4004   //4
1408
4800
2100
0
0
0
0
4004   //5
1408
a00
0
0
0
0
0
4004   //6
1408
802
0
0
0
0
0
4004   //7
1408
0
0
0
0
0
0
4004   //8
1408
0
0
0
0
0
0
4004   //9
1408
0
0
0
0
0
0
4004   //10
1408
0
0
0
0
0
0
4004   //11
1408
0
0
0
0
0
0
4004   //12
1408
0
0
0
0
0
0
4004   //13
1408
0
0
0
0
0
0
4004   //14
1408
110
0
0
0
0
0
4004   //15
1408
8000
0
0
0
0
0
4004   //0
1408
0
0
0
0
0
0
4004   //1
1408
4800
1200
0
0
0
0
4004   //2
1408
4800
1020
281
0
0
0
4004   //3
1408
4800
1020
2c1
0
0
0
4004   //4
1408
4800
2100
0
0
0
0
4004   //5
1408
a00
0
0
0
0
0
4004   //6
1408
802
0
0
0
0
0
4004   //7
1408
802
0
0
0
0
0
4004   //8
1408
0
0
0
0
0
0
4004   //9
1408
0
0
0
0
0
0
4004   //10
1408
0
0
0
0
0
0
4004   //11
1408
0
0
0
0
0
0
4004   //12
1408
0
0
0
0
0
0
4004   //13
1408
0
0
0
0
0
0
4004   //14
1408
110
0
0
0
0
0
4004   //15
1408
8000
0
0
0
0
0
4004   //0
1408
0
0
0
0
0
0
4004   //1
1408
4800
1200
0
0
0
0
4004   //2
1408
4800
1020
281
0
0
0
4004   //3
1408
4800
1020
2c1
0
0
0
4004   //4
1408
4800
2100
0
0
0
0
4004   //5
1408
a00
0
0
0
0
0
4004   //6
1408
802
0
0
0
0
0
4004   //7
1408
0
0
0
0
0
0
4004   //8
1408
802
0
0
0
0
0
4004   //9
1408
0
0
0
0
0
0
4004   //10
1408
0
0
0
0
0
0
4004   //11
1408
0
0
0
0
0
0
4004   //12
1408
0
0
0
0
0
0
4004   //13
1408
0
0
0
0
0
0
4004   //14
1408
110
0
0
0
0
0
4004   //15
1408
8000
0
0
0
0
0
4004   //0
1408
0
0
0
0
0
0
4004   //1
1408
4800
1200
0
0
0
0
4004   //2
1408
4800
1020
281
0
0
0
4004   //3
1408
4800
1020
2c1
0
0
0
4004   //4
1408
4800
2100
0
0
0
0
4004   //5
1408
a00
0
0
0
0
0
4004   //6
1408
802
0
0
0
0
0
4004   //7
1408
802
0
0
0
0
0
4004   //8
1408
802
0
0
0
0
0
4004   //9
1408
0
0
0
0
0
0
4004   //10
1408
0
0
0
0
0
0
4004   //11
1408
0
0
0
0
0
0
4004   //12
1408
0
0
0
0
0
0
4004   //13
1408
0
0
0
0
0
0
4004   //14
1408
110
0
0
0
0
0
4004   //15
1408
8000
0
0
0
0
0
